level=0 b=1
level=1 b=0.5,0.5
level=2 b=0.75,0.25
level=3 b=0.33333,0.33333,0.33333
